an, [38, 17, 0, 4, 17]
ang, [6, 2, 2, 0, 2]
ban, [33, 11, 0, 9, 13]
bang, [20, 7, 0, 5, 8]
ben, [11, 5, 0, 3, 3]
beng, [19, 8, 1, 5, 5]
bian, [39, 13, 0, 8, 18]
bin, [25, 19, 0, 0, 6]
bing, [29, 4, 0, 17, 8]
ca, [3, 2, 0, 1, 0]
cai, [19, 1, 5, 9, 4]
can, [16, 3, 4, 5, 4]
cang, [10, 8, 2, 0, 0]
cao, [17, 4, 7, 4, 2]
ce, [13, 0, 0, 0, 13]
cen, [7, 2, 5, 0, 0]
ceng, [6, 1, 4, 0, 1]
cha, [30, 11, 10, 1, 8]
chai, [11, 3, 5, 0, 3]
chan, [60, 9, 29, 19, 3]
chang, [38, 13, 14, 6, 5]
chao, [18, 7, 7, 3, 1]
che, [15, 3, 0, 3, 9]
chen, [47, 11, 21, 6, 9]
cheng, [53, 17, 30, 5, 1]
chi, [89, 22, 23, 18, 26]
chong, [23, 11, 9, 1, 2]
chou, [39, 5, 25, 6, 3]
chu, [52, 4, 20, 8, 20]
chuai, [4, 0, 1, 1, 2]
chuan, [22, 5, 8, 3, 6]
chuang, [14, 6, 2, 2, 4]
chui, [19, 2, 16, 0, 1]
chun, [26, 9, 12, 5, 0]
chuo, [19, 1, 0, 0, 18]
ci, [33, 4, 14, 6, 9]
cong, [27, 14, 13, 0, 0]
cou, [4, 0, 0, 0, 4]
cu, [20, 3, 2, 0, 15]
cuan, [10, 4, 2, 0, 4]
cui, [28, 9, 0, 3, 16]
cun, [9, 2, 2, 2, 3]
cuo, [28, 7, 7, 3, 11]
dan, [66, 17, 0, 12, 37]
dang, [30, 11, 0, 7, 12]
deng, [18, 7, 0, 2, 9]
dian, [42, 12, 0, 7, 23]
ding, [28, 11, 0, 5, 12]
dong, [27, 13, 0, 4, 10]
duan, [17, 5, 0, 1, 11]
dun, [29, 9, 0, 2, 18]
en, [3, 2, 0, 0, 1]
eng, [1, 1, 0, 0, 0]
fan, [58, 11, 27, 3, 17]
fang, [25, 9, 5, 10, 1]
fen, [52, 17, 20, 2, 13]
feng, [41, 24, 9, 2, 6]
gan, [41, 19, 0, 10, 12]
gang, [21, 19, 0, 1, 1]
gen, [6, 2, 1, 1, 2]
geng, [21, 11, 0, 9, 1]
gong, [31, 18, 0, 9, 4]
guan, [37, 12, 0, 7, 18]
guang, [15, 10, 0, 2, 3]
gun, [9, 0, 0, 7, 2]
han, [61, 10, 11, 6, 34]
hang, [13, 1, 11, 0, 1]
hen, [6, 0, 3, 2, 1]
heng, [19, 4, 12, 0, 3]
hong, [53, 13, 35, 1, 4]
huan, [54, 8, 23, 4, 19]
huang, [51, 6, 34, 9, 2]
hun, [28, 10, 11, 1, 6]
jian, [120, 52, 0, 27, 41]
jiang, [32, 15, 0, 6, 11]
jin, [61, 17, 0, 15, 29]
jing, [64, 25, 0, 15, 24]
jiong, [16, 3, 0, 13, 0]
juan, [30, 9, 0, 5, 16]
jun, [37, 14, 0, 2, 21]
kan, [27, 6, 0, 12, 9]
kang, [16, 6, 0, 0, 10]
ken, [10, 0, 0, 7, 3]
keng, [11, 11, 0, 0, 0]
kong, [12, 8, 0, 2, 2]
kuan, [6, 3, 0, 3, 0]
kuang, [23, 7, 3, 1, 12]
kun, [26, 13, 0, 10, 3]
lan, [37, 0, 20, 12, 5]
lang, [28, 1, 16, 8, 3]
leng, [10, 0, 6, 1, 3]
lian, [52, 0, 29, 6, 17]
liang, [23, 0, 11, 4, 8]
lin, [47, 0, 32, 8, 7]
ling, [61, 1, 54, 3, 3]
long, [34, 0, 27, 3, 4]
luan, [13, 0, 10, 1, 2]
lun, [17, 1, 14, 0, 2]
lvan, [3, 0, 2, 1, 0]
man, [28, 0, 13, 3, 12]
mang, [27, 0, 20, 7, 0]
men, [11, 1, 7, 0, 2]
meng, [36, 0, 25, 7, 4]
mian, [26, 0, 9, 15, 2]
min, [31, 0, 14, 17, 0]
ming, [23, 0, 19, 3, 1]
nan, [20, 2, 11, 6, 1]
nang, [5, 0, 1, 3, 1]
nen, [1, 0, 0, 0, 1]
neng, [4, 0, 3, 0, 1]
nian, [23, 0, 5, 12, 6]
niang, [3, 0, 2, 0, 1]
nin, [1, 0, 1, 0, 0]
ning, [13, 0, 12, 0, 1]
nong, [11, 0, 10, 0, 1]
nuan, [4, 0, 0, 4, 0]
pan, [34, 3, 17, 0, 14]
pang, [16, 2, 12, 2, 0]
pen, [5, 2, 3, 0, 0]
peng, [40, 12, 22, 2, 4]
pian, [14, 6, 6, 0, 2]
pin, [12, 4, 5, 1, 2]
ping, [29, 5, 24, 0, 0]
qian, [86, 36, 28, 7, 15]
qiang, [37, 17, 10, 6, 4]
qin, [40, 9, 20, 7, 4]
qing, [33, 12, 7, 3, 11]
qiong, [21, 3, 18, 0, 0]
quan, [48, 6, 30, 7, 5]
qun, [6, 3, 3, 0, 0]
ran, [13, 0, 6, 7, 0]
rang, [16, 0, 12, 2, 2]
ren, [31, 0, 7, 7, 17]
reng, [4, 1, 3, 0, 0]
rong, [32, 0, 29, 3, 0]
ruan, [11, 0, 3, 8, 0]
run, [3, 0, 0, 0, 3]
sa, [12, 2, 0, 3, 7]
sai, [6, 4, 0, 0, 2]
san, [10, 4, 0, 4, 2]
sang, [8, 1, 0, 6, 1]
sao, [14, 10, 0, 3, 1]
se, [14, 0, 0, 0, 14]
sen, [5, 5, 0, 0, 0]
seng, [2, 2, 0, 0, 0]
sha, [29, 17, 1, 2, 9]
shai, [6, 1, 0, 2, 3]
shan, [46, 19, 0, 5, 22]
shang, [16, 9, 0, 2, 5]
shao, [27, 13, 5, 0, 9]
she, [26, 5, 4, 1, 16]
shei, [1, 0, 1, 0, 0]
shen, [46, 23, 1, 11, 11]
sheng, [34, 16, 5, 5, 8]
shi, [102, 24, 20, 7, 51]
shou, [16, 2, 1, 5, 8]
shu, [72, 23, 13, 14, 22]
shua, [4, 3, 0, 1, 0]
shuai, [7, 3, 0, 1, 3]
shuan, [4, 3, 0, 0, 1]
shuang, [14, 8, 0, 5, 1]
shui, [7, 0, 1, 1, 5]
shun, [10, 0, 0, 4, 6]
shuo, [16, 1, 0, 0, 15]
si, [55, 30, 0, 1, 24]
song, [24, 11, 0, 8, 5]
sou, [18, 12, 0, 5, 1]
su, [44, 5, 1, 0, 38]
suan, [6, 3, 0, 0, 3]
sui, [41, 12, 3, 3, 23]
sun, [14, 8, 0, 5, 1]
suo, [24, 14, 0, 9, 1]
tan, [54, 9, 23, 13, 9]
tang, [46, 5, 25, 12, 4]
teng, [8, 0, 8, 0, 0]
tian, [32, 6, 12, 11, 3]
ting, [38, 7, 20, 11, 0]
tong, [54, 5, 38, 7, 4]
tuan, [14, 3, 9, 0, 2]
tun, [17, 5, 10, 1, 1]
wan, [53, 8, 11, 24, 10]
wang, [24, 3, 2, 12, 7]
wen, [36, 8, 16, 5, 7]
weng, [16, 5, 0, 7, 4]
xian, [114, 32, 28, 26, 28]
xiang, [45, 16, 4, 8, 17]
xin, [35, 21, 5, 1, 8]
xing, [41, 13, 15, 3, 10]
xiong, [12, 8, 3, 0, 1]
xuan, [63, 28, 13, 3, 19]
xun, [52, 14, 25, 0, 13]
yan, [148, 23, 37, 46, 42]
yang, [55, 14, 24, 11, 6]
yin, [82, 27, 26, 18, 11]
ying, [71, 32, 23, 9, 7]
yong, [49, 21, 7, 18, 3]
yuan, [77, 21, 42, 2, 12]
yun, [55, 6, 24, 11, 14]
za, [11, 5, 6, 0, 0]
zai, [11, 5, 0, 3, 3]
zan, [22, 2, 1, 9, 10]
zang, [7, 5, 0, 0, 2]
zao, [23, 4, 1, 7, 11]
ze, [21, 0, 16, 1, 4]
zei, [1, 0, 1, 0, 0]
zen, [1, 0, 0, 0, 1]
zeng, [12, 10, 0, 0, 2]
zha, [37, 10, 9, 4, 14]
zhai, [10, 3, 1, 2, 4]
zhan, [49, 20, 0, 15, 14]
zhang, [34, 18, 0, 4, 12]
zhao, [31, 10, 0, 5, 16]
zhe, [35, 4, 20, 3, 8]
zhen, [72, 34, 0, 21, 17]
zheng, [33, 21, 0, 5, 7]
zhi, [155, 29, 32, 25, 69]
zhong, [33, 18, 0, 4, 11]
zhou, [44, 22, 2, 4, 16]
zhu, [96, 26, 19, 18, 33]
zhua, [4, 4, 0, 0, 0]
zhuai, [1, 0, 0, 1, 0]
zhuan, [22, 12, 0, 2, 8]
zhuang, [13, 7, 0, 1, 5]
zhui, [17, 8, 0, 0, 9]
zhun, [10, 6, 0, 4, 0]
zhuo, [42, 5, 37, 0, 0]
zi, [65, 36, 0, 18, 11]
zong, [27, 16, 0, 6, 5]
zou, [21, 17, 0, 1, 3]
zu, [19, 2, 10, 7, 0]
zuan, [6, 2, 0, 3, 1]
zui, [22, 4, 0, 6, 12]
zun, [18, 9, 0, 4, 5]
zuo, [20, 0, 5, 3, 12]
